[net]
batch = 12
clip_duration = 16
height = 224
width = 224
channels = 3
momentum = 0.9
decay = 0.0005

learning_rate = 0.0001
max_batches = 100000
steps = 10000,20000,30000,40000
scales = 0.5,0.5,0.5,0.5


[region]
anchors = 0.95878, 3.10197, 1.67204, 4.0040, 1.75482, 5.64937, 3.09299, 5.80857, 4.91803, 6.25225
classes = 21
num = 5

object_scale = 5
noobject_scale = 1
class_scale = 1
coord_scale = 1