[net]
batch = 12
clip_duration = 16
height = 224
width = 224
channels = 3
momentum = 0.9
decay = 0.0005

learning_rate = 0.0001
max_batches = 100000
steps = 30000,40000,50000,60000
scales = 0.5,0.5,0.5,0.5


[region]
anchors = 0.70458, 1.18803, 1.26654, 2.55121, 1.59382, 4.08321, 2.30548, 4.94180, 3.52332, 5.91979
classes = 24
num = 5

object_scale = 5
noobject_scale = 1
class_scale = 1
coord_scale = 1